<?xml version="1.0" encoding="UTF-8"?>
<COLLADA xmlns="http://www.collada.org/2005/11/COLLADASchema" version="1.4.1">
 <asset>
  <contributor>
   <authoring_tool>SceneKit Collada Exporter v1.0</authoring_tool>
  </contributor>
  <created>2018-05-13T08:34:12Z</created>
  <modified>2018-05-13T08:34:12Z</modified>
  <unit meter="0.010000"/>
  <up_axis>Y_UP</up_axis>
 </asset>
 <library_animations>
  <animation id="unnamed_animation__0" name="unnamed_animation__0">
   <animation id="keyframedAnimations1">
    <source id="genericSource2">
     <float_array id="unnamed_animation__03-array" count="2">0 0.033333 </float_array>
     <technique_common>
      <accessor source="#unnamed_animation__03-array" count="2" stride="1">
       <param name="TIME" type="float"/>
      </accessor>
     </technique_common>
    </source>
    <source id="genericSource4">
     <float_array id="unnamed_animation__05-array" count="32">5.4e-05 0.000486 -1 0.007141 0.994149 -0.108017 1e-06 100.542 -0.108017 -0.994149 -0.000489 -0.296415 0 0 0 1 5.4e-05 0.000486 -1 0.007141 0.994149 -0.108017 1e-06 100.542 -0.108017 -0.994149 -0.000489 -0.296415 0 0 0 1 </float_array>
     <technique_common>
      <accessor source="#unnamed_animation__05-array" count="2" stride="16">
       <param name="TRANSFORM" type="float4x4"/>
      </accessor>
     </technique_common>
    </source>
    <sampler id="unnamed_animation__06">
     <input semantic="INPUT" source="#genericSource2"/>
     <input semantic="OUTPUT" source="#genericSource4"/>
    </sampler>
    <channel source="#unnamed_animation__06" target="FemaleBaseMesh_Hips/SID_1"/>
   </animation>
   <animation id="keyframedAnimations7">
    <source id="genericSource8">
     <float_array id="unnamed_animation__09-array" count="2">0 0.033333 </float_array>
     <technique_common>
      <accessor source="#unnamed_animation__09-array" count="2" stride="1">
       <param name="TIME" type="float"/>
      </accessor>
     </technique_common>
    </source>
    <source id="genericSource10">
     <float_array id="unnamed_animation__011-array" count="32">1 0 -0 8.41559 -0 1 0 -0 0 0 1 0 0 0 0 1 1 0 -0 8.41559 -0 1 0 -0 0 0 1 0 0 0 0 1 </float_array>
     <technique_common>
      <accessor source="#unnamed_animation__011-array" count="2" stride="16">
       <param name="TRANSFORM" type="float4x4"/>
      </accessor>
     </technique_common>
    </source>
    <sampler id="unnamed_animation__012">
     <input semantic="INPUT" source="#genericSource8"/>
     <input semantic="OUTPUT" source="#genericSource10"/>
    </sampler>
    <channel source="#unnamed_animation__012" target="FemaleBaseMesh_Spine/SID_2"/>
   </animation>
   <animation id="keyframedAnimations13">
    <source id="genericSource14">
     <float_array id="unnamed_animation__015-array" count="2">0 0.033333 </float_array>
     <technique_common>
      <accessor source="#unnamed_animation__015-array" count="2" stride="1">
       <param name="TIME" type="float"/>
      </accessor>
     </technique_common>
    </source>
    <source id="genericSource16">
     <float_array id="unnamed_animation__017-array" count="32">1 0 0 9.81818 0 1 0 0 0 0 1 0 0 0 0 1 1 0 0 9.81818 0 1 0 0 0 0 1 0 0 0 0 1 </float_array>
     <technique_common>
      <accessor source="#unnamed_animation__017-array" count="2" stride="16">
       <param name="TRANSFORM" type="float4x4"/>
      </accessor>
     </technique_common>
    </source>
    <sampler id="unnamed_animation__018">
     <input semantic="INPUT" source="#genericSource14"/>
     <input semantic="OUTPUT" source="#genericSource16"/>
    </sampler>
    <channel source="#unnamed_animation__018" target="FemaleBaseMesh_Spine1/SID_3"/>
   </animation>
   <animation id="keyframedAnimations19">
    <source id="genericSource20">
     <float_array id="unnamed_animation__021-array" count="2">0 0.033333 </float_array>
     <technique_common>
      <accessor source="#unnamed_animation__021-array" count="2" stride="1">
       <param name="TIME" type="float"/>
      </accessor>
     </technique_common>
    </source>
    <source id="genericSource22">
     <float_array id="unnamed_animation__023-array" count="32">0.996005 0.089301 0.000253 11.2208 -0.089302 0.996002 0.002327 0 -4.4e-05 -0.00234 0.999997 0 0 0 0 1 0.996005 0.089301 0.000253 11.2208 -0.089302 0.996002 0.002327 0 -4.4e-05 -0.00234 0.999997 0 0 0 0 1 </float_array>
     <technique_common>
      <accessor source="#unnamed_animation__023-array" count="2" stride="16">
       <param name="TRANSFORM" type="float4x4"/>
      </accessor>
     </technique_common>
    </source>
    <sampler id="unnamed_animation__024">
     <input semantic="INPUT" source="#genericSource20"/>
     <input semantic="OUTPUT" source="#genericSource22"/>
    </sampler>
    <channel source="#unnamed_animation__024" target="FemaleBaseMesh_Spine2/SID_4"/>
   </animation>
   <animation id="keyframedAnimations25">
    <source id="genericSource26">
     <float_array id="unnamed_animation__027-array" count="2">0 0.033333 </float_array>
     <technique_common>
      <accessor source="#unnamed_animation__027-array" count="2" stride="1">
       <param name="TIME" type="float"/>
      </accessor>
     </technique_common>
    </source>
    <source id="genericSource28">
     <float_array id="unnamed_animation__029-array" count="32">0.957508 0.288406 -5.3e-05 12.5517 -0.288405 0.957504 -0.00283 -0 -0.000765 0.002725 0.999996 -0 0 0 0 1 0.957508 0.288406 -5.3e-05 12.5517 -0.288405 0.957504 -0.00283 -0 -0.000765 0.002725 0.999996 -0 0 0 0 1 </float_array>
     <technique_common>
      <accessor source="#unnamed_animation__029-array" count="2" stride="16">
       <param name="TRANSFORM" type="float4x4"/>
      </accessor>
     </technique_common>
    </source>
    <sampler id="unnamed_animation__030">
     <input semantic="INPUT" source="#genericSource26"/>
     <input semantic="OUTPUT" source="#genericSource28"/>
    </sampler>
    <channel source="#unnamed_animation__030" target="FemaleBaseMesh_Neck/SID_5"/>
   </animation>
   <animation id="keyframedAnimations31">
    <source id="genericSource32">
     <float_array id="unnamed_animation__033-array" count="2">0 0.033333 </float_array>
     <technique_common>
      <accessor source="#unnamed_animation__033-array" count="2" stride="1">
       <param name="TIME" type="float"/>
      </accessor>
     </technique_common>
    </source>
    <source id="genericSource34">
     <float_array id="unnamed_animation__035-array" count="32">0.999886 0.015121 -0 10.3136 -0.015121 0.999886 0 0 0 0 1 -0 0 0 0 1 0.999886 0.015121 -0 10.3136 -0.015121 0.999886 0 0 0 0 1 -0 0 0 0 1 </float_array>
     <technique_common>
      <accessor source="#unnamed_animation__035-array" count="2" stride="16">
       <param name="TRANSFORM" type="float4x4"/>
      </accessor>
     </technique_common>
    </source>
    <sampler id="unnamed_animation__036">
     <input semantic="INPUT" source="#genericSource32"/>
     <input semantic="OUTPUT" source="#genericSource34"/>
    </sampler>
    <channel source="#unnamed_animation__036" target="FemaleBaseMesh_Head/SID_6"/>
   </animation>
   <animation id="keyframedAnimations37">
    <source id="genericSource38">
     <float_array id="unnamed_animation__039-array" count="2">0 0.033333 </float_array>
     <technique_common>
      <accessor source="#unnamed_animation__039-array" count="2" stride="1">
       <param name="TIME" type="float"/>
      </accessor>
     </technique_common>
    </source>
    <source id="genericSource40">
     <float_array id="unnamed_animation__041-array" count="32">-0.071972 0.997229 -0.018805 9.44501 0.002991 -0.018638 -0.999822 1.1943 -0.997402 -0.072015 -0.001641 -4.98275 0 0 0 1 -0.071972 0.997229 -0.018805 9.44501 0.002991 -0.018638 -0.999822 1.1943 -0.997402 -0.072015 -0.001641 -4.98275 0 0 0 1 </float_array>
     <technique_common>
      <accessor source="#unnamed_animation__041-array" count="2" stride="16">
       <param name="TRANSFORM" type="float4x4"/>
      </accessor>
     </technique_common>
    </source>
    <sampler id="unnamed_animation__042">
     <input semantic="INPUT" source="#genericSource38"/>
     <input semantic="OUTPUT" source="#genericSource40"/>
    </sampler>
    <channel source="#unnamed_animation__042" target="FemaleBaseMesh_LeftShoulder/SID_7"/>
   </animation>
   <animation id="keyframedAnimations43">
    <source id="genericSource44">
     <float_array id="unnamed_animation__045-array" count="2">0 0.033333 </float_array>
     <technique_common>
      <accessor source="#unnamed_animation__045-array" count="2" stride="1">
       <param name="TIME" type="float"/>
      </accessor>
     </technique_common>
    </source>
    <source id="genericSource46">
     <float_array id="unnamed_animation__047-array" count="32">0.999985 0.004666 0.002918 9.99786 -0.004667 0.999989 0.000211 -0 -0.002917 -0.000224 0.999996 -0 0 0 0 1 0.999985 0.004666 0.002918 9.99786 -0.004667 0.999989 0.000211 -0 -0.002917 -0.000224 0.999996 -0 0 0 0 1 </float_array>
     <technique_common>
      <accessor source="#unnamed_animation__047-array" count="2" stride="16">
       <param name="TRANSFORM" type="float4x4"/>
      </accessor>
     </technique_common>
    </source>
    <sampler id="unnamed_animation__048">
     <input semantic="INPUT" source="#genericSource44"/>
     <input semantic="OUTPUT" source="#genericSource46"/>
    </sampler>
    <channel source="#unnamed_animation__048" target="FemaleBaseMesh_LeftArm/SID_8"/>
   </animation>
   <animation id="keyframedAnimations49">
    <source id="genericSource50">
     <float_array id="unnamed_animation__051-array" count="2">0 0.033333 </float_array>
     <technique_common>
      <accessor source="#unnamed_animation__051-array" count="2" stride="1">
       <param name="TIME" type="float"/>
      </accessor>
     </technique_common>
    </source>
    <source id="genericSource52">
     <float_array id="unnamed_animation__053-array" count="32">0.997369 -0.0674 -0.026692 26.3622 0.06737 0.997726 -0.002052 -0 0.026769 0.000249 0.999642 -0 0 0 0 1 0.997369 -0.0674 -0.026692 26.3622 0.06737 0.997726 -0.002052 -0 0.026769 0.000249 0.999642 -0 0 0 0 1 </float_array>
     <technique_common>
      <accessor source="#unnamed_animation__053-array" count="2" stride="16">
       <param name="TRANSFORM" type="float4x4"/>
      </accessor>
     </technique_common>
    </source>
    <sampler id="unnamed_animation__054">
     <input semantic="INPUT" source="#genericSource50"/>
     <input semantic="OUTPUT" source="#genericSource52"/>
    </sampler>
    <channel source="#unnamed_animation__054" target="FemaleBaseMesh_LeftForeArm/SID_9"/>
   </animation>
   <animation id="keyframedAnimations55">
    <source id="genericSource56">
     <float_array id="unnamed_animation__057-array" count="2">0 0.033333 </float_array>
     <technique_common>
      <accessor source="#unnamed_animation__057-array" count="2" stride="1">
       <param name="TIME" type="float"/>
      </accessor>
     </technique_common>
    </source>
    <source id="genericSource58">
     <float_array id="unnamed_animation__059-array" count="32">1 0 -0 21.8113 -0 1 0 -0 0 0 1 0 0 0 0 1 1 0 -0 21.8113 -0 1 0 -0 0 0 1 0 0 0 0 1 </float_array>
     <technique_common>
      <accessor source="#unnamed_animation__059-array" count="2" stride="16">
       <param name="TRANSFORM" type="float4x4"/>
      </accessor>
     </technique_common>
    </source>
    <sampler id="unnamed_animation__060">
     <input semantic="INPUT" source="#genericSource56"/>
     <input semantic="OUTPUT" source="#genericSource58"/>
    </sampler>
    <channel source="#unnamed_animation__060" target="FemaleBaseMesh_LeftHand/SID_10"/>
   </animation>
   <animation id="keyframedAnimations61">
    <source id="genericSource62">
     <float_array id="unnamed_animation__063-array" count="2">0 0.033333 </float_array>
     <technique_common>
      <accessor source="#unnamed_animation__063-array" count="2" stride="1">
       <param name="TIME" type="float"/>
      </accessor>
     </technique_common>
    </source>
    <source id="genericSource64">
     <float_array id="unnamed_animation__065-array" count="32">0.885439 -0.464501 0.015413 3.00261 -0.153223 -0.323064 -0.933891 -1.32837 0.438772 0.824542 -0.357225 2.96644 0 0 0 1 0.885439 -0.464501 0.015413 3.00261 -0.153223 -0.323064 -0.933891 -1.32837 0.438772 0.824542 -0.357225 2.96644 0 0 0 1 </float_array>
     <technique_common>
      <accessor source="#unnamed_animation__065-array" count="2" stride="16">
       <param name="TRANSFORM" type="float4x4"/>
      </accessor>
     </technique_common>
    </source>
    <sampler id="unnamed_animation__066">
     <input semantic="INPUT" source="#genericSource62"/>
     <input semantic="OUTPUT" source="#genericSource64"/>
    </sampler>
    <channel source="#unnamed_animation__066" target="FemaleBaseMesh_LeftHandThumb1/SID_11"/>
   </animation>
   <animation id="keyframedAnimations67">
    <source id="genericSource68">
     <float_array id="unnamed_animation__069-array" count="2">0 0.033333 </float_array>
     <technique_common>
      <accessor source="#unnamed_animation__069-array" count="2" stride="1">
       <param name="TIME" type="float"/>
      </accessor>
     </technique_common>
    </source>
    <source id="genericSource70">
     <float_array id="unnamed_animation__071-array" count="32">0.975086 0.030063 -0.219783 3.99043 0.038584 0.952687 0.301495 0 0.218448 -0.302463 0.927791 0 0 0 0 1 0.975086 0.030063 -0.219783 3.99043 0.038584 0.952687 0.301495 0 0.218448 -0.302463 0.927791 0 0 0 0 1 </float_array>
     <technique_common>
      <accessor source="#unnamed_animation__071-array" count="2" stride="16">
       <param name="TRANSFORM" type="float4x4"/>
      </accessor>
     </technique_common>
    </source>
    <sampler id="unnamed_animation__072">
     <input semantic="INPUT" source="#genericSource68"/>
     <input semantic="OUTPUT" source="#genericSource70"/>
    </sampler>
    <channel source="#unnamed_animation__072" target="FemaleBaseMesh_LeftHandThumb2/SID_12"/>
   </animation>
   <animation id="keyframedAnimations73">
    <source id="genericSource74">
     <float_array id="unnamed_animation__075-array" count="2">0 0.033333 </float_array>
     <technique_common>
      <accessor source="#unnamed_animation__075-array" count="2" stride="1">
       <param name="TIME" type="float"/>
      </accessor>
     </technique_common>
    </source>
    <source id="genericSource76">
     <float_array id="unnamed_animation__077-array" count="32">0.981545 0.054874 0.183192 2.69686 -0.081043 0.98703 0.138574 0 -0.173212 -0.150863 0.973262 -0 0 0 0 1 0.981545 0.054874 0.183192 2.69686 -0.081043 0.98703 0.138574 0 -0.173212 -0.150863 0.973262 -0 0 0 0 1 </float_array>
     <technique_common>
      <accessor source="#unnamed_animation__077-array" count="2" stride="16">
       <param name="TRANSFORM" type="float4x4"/>
      </accessor>
     </technique_common>
    </source>
    <sampler id="unnamed_animation__078">
     <input semantic="INPUT" source="#genericSource74"/>
     <input semantic="OUTPUT" source="#genericSource76"/>
    </sampler>
    <channel source="#unnamed_animation__078" target="FemaleBaseMesh_LeftHandThumb3/SID_13"/>
   </animation>
   <animation id="keyframedAnimations79">
    <source id="genericSource80">
     <float_array id="unnamed_animation__081-array" count="2">0 0.033333 </float_array>
     <technique_common>
      <accessor source="#unnamed_animation__081-array" count="2" stride="1">
       <param name="TIME" type="float"/>
      </accessor>
     </technique_common>
    </source>
    <source id="genericSource82">
     <float_array id="unnamed_animation__083-array" count="32">0.997937 0.03656 -0.052766 9.18574 -0.042071 0.993322 -0.10743 0.19941 0.048486 0.109429 0.992811 2.7792 0 0 0 1 0.997937 0.03656 -0.052766 9.18574 -0.042071 0.993322 -0.10743 0.19941 0.048486 0.109429 0.992811 2.7792 0 0 0 1 </float_array>
     <technique_common>
      <accessor source="#unnamed_animation__083-array" count="2" stride="16">
       <param name="TRANSFORM" type="float4x4"/>
      </accessor>
     </technique_common>
    </source>
    <sampler id="unnamed_animation__084">
     <input semantic="INPUT" source="#genericSource80"/>
     <input semantic="OUTPUT" source="#genericSource82"/>
    </sampler>
    <channel source="#unnamed_animation__084" target="FemaleBaseMesh_LeftHandIndex1/SID_14"/>
   </animation>
   <animation id="keyframedAnimations85">
    <source id="genericSource86">
     <float_array id="unnamed_animation__087-array" count="2">0 0.033333 </float_array>
     <technique_common>
      <accessor source="#unnamed_animation__087-array" count="2" stride="1">
       <param name="TIME" type="float"/>
      </accessor>
     </technique_common>
    </source>
    <source id="genericSource88">
     <float_array id="unnamed_animation__089-array" count="32">0.999072 0.004611 0.042819 3.44612 -0.004706 0.999987 0.002116 0 -0.042809 -0.002315 0.999081 0 0 0 0 1 0.999072 0.004611 0.042819 3.44612 -0.004706 0.999987 0.002116 0 -0.042809 -0.002315 0.999081 0 0 0 0 1 </float_array>
     <technique_common>
      <accessor source="#unnamed_animation__089-array" count="2" stride="16">
       <param name="TRANSFORM" type="float4x4"/>
      </accessor>
     </technique_common>
    </source>
    <sampler id="unnamed_animation__090">
     <input semantic="INPUT" source="#genericSource86"/>
     <input semantic="OUTPUT" source="#genericSource88"/>
    </sampler>
    <channel source="#unnamed_animation__090" target="FemaleBaseMesh_LeftHandIndex2/SID_15"/>
   </animation>
   <animation id="keyframedAnimations91">
    <source id="genericSource92">
     <float_array id="unnamed_animation__093-array" count="2">0 0.033333 </float_array>
     <technique_common>
      <accessor source="#unnamed_animation__093-array" count="2" stride="1">
       <param name="TIME" type="float"/>
      </accessor>
     </technique_common>
    </source>
    <source id="genericSource94">
     <float_array id="unnamed_animation__095-array" count="32">0.996982 0.075165 -0.019429 2.64655 -0.075174 0.99717 0.000266 -0 0.019394 0.001196 0.999811 0 0 0 0 1 0.996982 0.075165 -0.019429 2.64655 -0.075174 0.99717 0.000266 -0 0.019394 0.001196 0.999811 0 0 0 0 1 </float_array>
     <technique_common>
      <accessor source="#unnamed_animation__095-array" count="2" stride="16">
       <param name="TRANSFORM" type="float4x4"/>
      </accessor>
     </technique_common>
    </source>
    <sampler id="unnamed_animation__096">
     <input semantic="INPUT" source="#genericSource92"/>
     <input semantic="OUTPUT" source="#genericSource94"/>
    </sampler>
    <channel source="#unnamed_animation__096" target="FemaleBaseMesh_LeftHandIndex3/SID_16"/>
   </animation>
   <animation id="keyframedAnimations97">
    <source id="genericSource98">
     <float_array id="unnamed_animation__099-array" count="2">0 0.033333 </float_array>
     <technique_common>
      <accessor source="#unnamed_animation__099-array" count="2" stride="1">
       <param name="TIME" type="float"/>
      </accessor>
     </technique_common>
    </source>
    <source id="genericSource100">
     <float_array id="unnamed_animation__0101-array" count="32">0.997618 0.067836 0.012552 9.91208 -0.067562 0.997491 -0.021125 0.57723 -0.013954 0.020227 0.999698 0.579741 0 0 0 1 0.997618 0.067836 0.012552 9.91208 -0.067562 0.997491 -0.021125 0.57723 -0.013954 0.020227 0.999698 0.579741 0 0 0 1 </float_array>
     <technique_common>
      <accessor source="#unnamed_animation__0101-array" count="2" stride="16">
       <param name="TRANSFORM" type="float4x4"/>
      </accessor>
     </technique_common>
    </source>
    <sampler id="unnamed_animation__0102">
     <input semantic="INPUT" source="#genericSource98"/>
     <input semantic="OUTPUT" source="#genericSource100"/>
    </sampler>
    <channel source="#unnamed_animation__0102" target="FemaleBaseMesh_LeftHandMiddle1/SID_17"/>
   </animation>
   <animation id="keyframedAnimations103">
    <source id="genericSource104">
     <float_array id="unnamed_animation__0105-array" count="2">0 0.033333 </float_array>
     <technique_common>
      <accessor source="#unnamed_animation__0105-array" count="2" stride="1">
       <param name="TIME" type="float"/>
      </accessor>
     </technique_common>
    </source>
    <source id="genericSource106">
     <float_array id="unnamed_animation__0107-array" count="32">0.999592 0.000605 0.028572 3.96794 -0.000668 0.999997 0.002193 0 -0.02857 -0.002211 0.999589 0 0 0 0 1 0.999592 0.000605 0.028572 3.96794 -0.000668 0.999997 0.002193 0 -0.02857 -0.002211 0.999589 0 0 0 0 1 </float_array>
     <technique_common>
      <accessor source="#unnamed_animation__0107-array" count="2" stride="16">
       <param name="TRANSFORM" type="float4x4"/>
      </accessor>
     </technique_common>
    </source>
    <sampler id="unnamed_animation__0108">
     <input semantic="INPUT" source="#genericSource104"/>
     <input semantic="OUTPUT" source="#genericSource106"/>
    </sampler>
    <channel source="#unnamed_animation__0108" target="FemaleBaseMesh_LeftHandMiddle2/SID_18"/>
   </animation>
   <animation id="keyframedAnimations109">
    <source id="genericSource110">
     <float_array id="unnamed_animation__0111-array" count="2">0 0.033333 </float_array>
     <technique_common>
      <accessor source="#unnamed_animation__0111-array" count="2" stride="1">
       <param name="TIME" type="float"/>
      </accessor>
     </technique_common>
    </source>
    <source id="genericSource112">
     <float_array id="unnamed_animation__0113-array" count="32">0.999947 -0.00785 0.006633 2.34101 0.007849 0.999969 0.000134 0 -0.006634 -8.2e-05 0.999978 -0 0 0 0 1 0.999947 -0.00785 0.006633 2.34101 0.007849 0.999969 0.000134 0 -0.006634 -8.2e-05 0.999978 -0 0 0 0 1 </float_array>
     <technique_common>
      <accessor source="#unnamed_animation__0113-array" count="2" stride="16">
       <param name="TRANSFORM" type="float4x4"/>
      </accessor>
     </technique_common>
    </source>
    <sampler id="unnamed_animation__0114">
     <input semantic="INPUT" source="#genericSource110"/>
     <input semantic="OUTPUT" source="#genericSource112"/>
    </sampler>
    <channel source="#unnamed_animation__0114" target="FemaleBaseMesh_LeftHandMiddle3/SID_19"/>
   </animation>
   <animation id="keyframedAnimations115">
    <source id="genericSource116">
     <float_array id="unnamed_animation__0117-array" count="2">0 0.033333 </float_array>
     <technique_common>
      <accessor source="#unnamed_animation__0117-array" count="2" stride="1">
       <param name="TIME" type="float"/>
      </accessor>
     </technique_common>
    </source>
    <source id="genericSource118">
     <float_array id="unnamed_animation__0119-array" count="32">0.995841 0.088215 0.022763 9.86771 -0.089723 0.992983 0.07703 0.397153 -0.015808 -0.078752 0.996769 -1.73813 0 0 0 1 0.995841 0.088215 0.022763 9.86771 -0.089723 0.992983 0.07703 0.397153 -0.015808 -0.078752 0.996769 -1.73813 0 0 0 1 </float_array>
     <technique_common>
      <accessor source="#unnamed_animation__0119-array" count="2" stride="16">
       <param name="TRANSFORM" type="float4x4"/>
      </accessor>
     </technique_common>
    </source>
    <sampler id="unnamed_animation__0120">
     <input semantic="INPUT" source="#genericSource116"/>
     <input semantic="OUTPUT" source="#genericSource118"/>
    </sampler>
    <channel source="#unnamed_animation__0120" target="FemaleBaseMesh_LeftHandRing1/SID_20"/>
   </animation>
   <animation id="keyframedAnimations121">
    <source id="genericSource122">
     <float_array id="unnamed_animation__0123-array" count="2">0 0.033333 </float_array>
     <technique_common>
      <accessor source="#unnamed_animation__0123-array" count="2" stride="1">
       <param name="TIME" type="float"/>
      </accessor>
     </technique_common>
    </source>
    <source id="genericSource124">
     <float_array id="unnamed_animation__0125-array" count="32">0.99997 0.000601 -0.007689 3.80432 -0.000607 1 -0.000765 0 0.007688 0.00077 0.99997 0 0 0 0 1 0.99997 0.000601 -0.007689 3.80432 -0.000607 1 -0.000765 0 0.007688 0.00077 0.99997 0 0 0 0 1 </float_array>
     <technique_common>
      <accessor source="#unnamed_animation__0125-array" count="2" stride="16">
       <param name="TRANSFORM" type="float4x4"/>
      </accessor>
     </technique_common>
    </source>
    <sampler id="unnamed_animation__0126">
     <input semantic="INPUT" source="#genericSource122"/>
     <input semantic="OUTPUT" source="#genericSource124"/>
    </sampler>
    <channel source="#unnamed_animation__0126" target="FemaleBaseMesh_LeftHandRing2/SID_21"/>
   </animation>
   <animation id="keyframedAnimations127">
    <source id="genericSource128">
     <float_array id="unnamed_animation__0129-array" count="2">0 0.033333 </float_array>
     <technique_common>
      <accessor source="#unnamed_animation__0129-array" count="2" stride="1">
       <param name="TIME" type="float"/>
      </accessor>
     </technique_common>
    </source>
    <source id="genericSource130">
     <float_array id="unnamed_animation__0131-array" count="32">0.999214 0.029579 0.026379 2.11825 -0.029587 0.999562 -9.1e-05 0 -0.02637 -0.00069 0.999652 0 0 0 0 1 0.999214 0.029579 0.026379 2.11825 -0.029587 0.999562 -9.1e-05 0 -0.02637 -0.00069 0.999652 0 0 0 0 1 </float_array>
     <technique_common>
      <accessor source="#unnamed_animation__0131-array" count="2" stride="16">
       <param name="TRANSFORM" type="float4x4"/>
      </accessor>
     </technique_common>
    </source>
    <sampler id="unnamed_animation__0132">
     <input semantic="INPUT" source="#genericSource128"/>
     <input semantic="OUTPUT" source="#genericSource130"/>
    </sampler>
    <channel source="#unnamed_animation__0132" target="FemaleBaseMesh_LeftHandRing3/SID_22"/>
   </animation>
   <animation id="keyframedAnimations133">
    <source id="genericSource134">
     <float_array id="unnamed_animation__0135-array" count="2">0 0.033333 </float_array>
     <technique_common>
      <accessor source="#unnamed_animation__0135-array" count="2" stride="1">
       <param name="TIME" type="float"/>
      </accessor>
     </technique_common>
    </source>
    <source id="genericSource136">
     <float_array id="unnamed_animation__0137-array" count="32">0.989624 -0.03904 0.138274 8.87479 0.016058 0.986401 0.163567 -0.029511 -0.142779 -0.15965 0.976794 -3.65557 0 0 0 1 0.989624 -0.03904 0.138274 8.87479 0.016058 0.986401 0.163567 -0.029511 -0.142779 -0.15965 0.976794 -3.65557 0 0 0 1 </float_array>
     <technique_common>
      <accessor source="#unnamed_animation__0137-array" count="2" stride="16">
       <param name="TRANSFORM" type="float4x4"/>
      </accessor>
     </technique_common>
    </source>
    <sampler id="unnamed_animation__0138">
     <input semantic="INPUT" source="#genericSource134"/>
     <input semantic="OUTPUT" source="#genericSource136"/>
    </sampler>
    <channel source="#unnamed_animation__0138" target="FemaleBaseMesh_LeftHandPinky1/SID_23"/>
   </animation>
   <animation id="keyframedAnimations139">
    <source id="genericSource140">
     <float_array id="unnamed_animation__0141-array" count="2">0 0.033333 </float_array>
     <technique_common>
      <accessor source="#unnamed_animation__0141-array" count="2" stride="1">
       <param name="TIME" type="float"/>
      </accessor>
     </technique_common>
    </source>
    <source id="genericSource142">
     <float_array id="unnamed_animation__0143-array" count="32">0.996076 0.058789 -0.066158 2.95861 -0.058873 0.998265 0.000689 -0 0.066084 0.003209 0.997809 -0 0 0 0 1 0.996076 0.058789 -0.066158 2.95861 -0.058873 0.998265 0.000689 -0 0.066084 0.003209 0.997809 -0 0 0 0 1 </float_array>
     <technique_common>
      <accessor source="#unnamed_animation__0143-array" count="2" stride="16">
       <param name="TRANSFORM" type="float4x4"/>
      </accessor>
     </technique_common>
    </source>
    <sampler id="unnamed_animation__0144">
     <input semantic="INPUT" source="#genericSource140"/>
     <input semantic="OUTPUT" source="#genericSource142"/>
    </sampler>
    <channel source="#unnamed_animation__0144" target="FemaleBaseMesh_LeftHandPinky2/SID_24"/>
   </animation>
   <animation id="keyframedAnimations145">
    <source id="genericSource146">
     <float_array id="unnamed_animation__0147-array" count="2">0 0.033333 </float_array>
     <technique_common>
      <accessor source="#unnamed_animation__0147-array" count="2" stride="1">
       <param name="TIME" type="float"/>
      </accessor>
     </technique_common>
    </source>
    <source id="genericSource148">
     <float_array id="unnamed_animation__0149-array" count="32">0.99752 0.06597 -0.024535 2.09443 -0.066031 0.997816 -0.001675 0 0.024371 0.003291 0.999698 0 0 0 0 1 0.99752 0.06597 -0.024535 2.09443 -0.066031 0.997816 -0.001675 0 0.024371 0.003291 0.999698 0 0 0 0 1 </float_array>
     <technique_common>
      <accessor source="#unnamed_animation__0149-array" count="2" stride="16">
       <param name="TRANSFORM" type="float4x4"/>
      </accessor>
     </technique_common>
    </source>
    <sampler id="unnamed_animation__0150">
     <input semantic="INPUT" source="#genericSource146"/>
     <input semantic="OUTPUT" source="#genericSource148"/>
    </sampler>
    <channel source="#unnamed_animation__0150" target="FemaleBaseMesh_LeftHandPinky3/SID_25"/>
   </animation>
   <animation id="keyframedAnimations151">
    <source id="genericSource152">
     <float_array id="unnamed_animation__0153-array" count="2">0 0.033333 </float_array>
     <technique_common>
      <accessor source="#unnamed_animation__0153-array" count="2" stride="1">
       <param name="TIME" type="float"/>
      </accessor>
     </technique_common>
    </source>
    <source id="genericSource154">
     <float_array id="unnamed_animation__0155-array" count="32">-0.072078 0.997222 0.018806 9.44448 -0.002655 -0.019047 0.999815 1.16603 0.997395 0.072015 0.00402 5.00873 0 0 0 1 -0.072078 0.997222 0.018806 9.44448 -0.002655 -0.019047 0.999815 1.16603 0.997395 0.072015 0.00402 5.00873 0 0 0 1 </float_array>
     <technique_common>
      <accessor source="#unnamed_animation__0155-array" count="2" stride="16">
       <param name="TRANSFORM" type="float4x4"/>
      </accessor>
     </technique_common>
    </source>
    <sampler id="unnamed_animation__0156">
     <input semantic="INPUT" source="#genericSource152"/>
     <input semantic="OUTPUT" source="#genericSource154"/>
    </sampler>
    <channel source="#unnamed_animation__0156" target="FemaleBaseMesh_RightShoulder/SID_26"/>
   </animation>
   <animation id="keyframedAnimations157">
    <source id="genericSource158">
     <float_array id="unnamed_animation__0159-array" count="2">0 0.033333 </float_array>
     <technique_common>
      <accessor source="#unnamed_animation__0159-array" count="2" stride="1">
       <param name="TIME" type="float"/>
      </accessor>
     </technique_common>
    </source>
    <source id="genericSource160">
     <float_array id="unnamed_animation__0161-array" count="32">0.999985 0.004666 -0.002918 9.99786 -0.004667 0.999989 -0.000211 0 0.002917 0.000224 0.999996 0 0 0 0 1 0.999985 0.004666 -0.002918 9.99786 -0.004667 0.999989 -0.000211 0 0.002917 0.000224 0.999996 0 0 0 0 1 </float_array>
     <technique_common>
      <accessor source="#unnamed_animation__0161-array" count="2" stride="16">
       <param name="TRANSFORM" type="float4x4"/>
      </accessor>
     </technique_common>
    </source>
    <sampler id="unnamed_animation__0162">
     <input semantic="INPUT" source="#genericSource158"/>
     <input semantic="OUTPUT" source="#genericSource160"/>
    </sampler>
    <channel source="#unnamed_animation__0162" target="FemaleBaseMesh_RightArm/SID_27"/>
   </animation>
   <animation id="keyframedAnimations163">
    <source id="genericSource164">
     <float_array id="unnamed_animation__0165-array" count="2">0 0.033333 </float_array>
     <technique_common>
      <accessor source="#unnamed_animation__0165-array" count="2" stride="1">
       <param name="TIME" type="float"/>
      </accessor>
     </technique_common>
    </source>
    <source id="genericSource166">
     <float_array id="unnamed_animation__0167-array" count="32">0.997369 -0.0674 0.026692 26.3622 0.06737 0.997726 0.002052 -0 -0.026769 -0.000249 0.999642 0 0 0 0 1 0.997369 -0.0674 0.026692 26.3622 0.06737 0.997726 0.002052 -0 -0.026769 -0.000249 0.999642 0 0 0 0 1 </float_array>
     <technique_common>
      <accessor source="#unnamed_animation__0167-array" count="2" stride="16">
       <param name="TRANSFORM" type="float4x4"/>
      </accessor>
     </technique_common>
    </source>
    <sampler id="unnamed_animation__0168">
     <input semantic="INPUT" source="#genericSource164"/>
     <input semantic="OUTPUT" source="#genericSource166"/>
    </sampler>
    <channel source="#unnamed_animation__0168" target="FemaleBaseMesh_RightForeArm/SID_28"/>
   </animation>
   <animation id="keyframedAnimations169">
    <source id="genericSource170">
     <float_array id="unnamed_animation__0171-array" count="2">0 0.033333 </float_array>
     <technique_common>
      <accessor source="#unnamed_animation__0171-array" count="2" stride="1">
       <param name="TIME" type="float"/>
      </accessor>
     </technique_common>
    </source>
    <source id="genericSource172">
     <float_array id="unnamed_animation__0173-array" count="32">1 -0 -0 21.8113 -0 1 0 0 0 -0 1 -0 0 0 0 1 1 -0 -0 21.8113 -0 1 0 0 0 -0 1 -0 0 0 0 1 </float_array>
     <technique_common>
      <accessor source="#unnamed_animation__0173-array" count="2" stride="16">
       <param name="TRANSFORM" type="float4x4"/>
      </accessor>
     </technique_common>
    </source>
    <sampler id="unnamed_animation__0174">
     <input semantic="INPUT" source="#genericSource170"/>
     <input semantic="OUTPUT" source="#genericSource172"/>
    </sampler>
    <channel source="#unnamed_animation__0174" target="FemaleBaseMesh_RightHand/SID_29"/>
   </animation>
   <animation id="keyframedAnimations175">
    <source id="genericSource176">
     <float_array id="unnamed_animation__0177-array" count="2">0 0.033333 </float_array>
     <technique_common>
      <accessor source="#unnamed_animation__0177-array" count="2" stride="1">
       <param name="TIME" type="float"/>
      </accessor>
     </technique_common>
    </source>
    <source id="genericSource178">
     <float_array id="unnamed_animation__0179-array" count="32">0.885439 -0.464501 -0.015417 3.00261 -0.153223 -0.323071 0.933888 -1.32837 -0.438773 -0.824539 -0.357232 -2.96644 0 0 0 1 0.885439 -0.464501 -0.015417 3.00261 -0.153223 -0.323071 0.933888 -1.32837 -0.438773 -0.824539 -0.357232 -2.96644 0 0 0 1 </float_array>
     <technique_common>
      <accessor source="#unnamed_animation__0179-array" count="2" stride="16">
       <param name="TRANSFORM" type="float4x4"/>
      </accessor>
     </technique_common>
    </source>
    <sampler id="unnamed_animation__0180">
     <input semantic="INPUT" source="#genericSource176"/>
     <input semantic="OUTPUT" source="#genericSource178"/>
    </sampler>
    <channel source="#unnamed_animation__0180" target="FemaleBaseMesh_RightHandThumb1/SID_30"/>
   </animation>
   <animation id="keyframedAnimations181">
    <source id="genericSource182">
     <float_array id="unnamed_animation__0183-array" count="2">0 0.033333 </float_array>
     <technique_common>
      <accessor source="#unnamed_animation__0183-array" count="2" stride="1">
       <param name="TIME" type="float"/>
      </accessor>
     </technique_common>
    </source>
    <source id="genericSource184">
     <float_array id="unnamed_animation__0185-array" count="32">0.975086 0.030062 0.219783 3.99043 0.038586 0.952686 -0.301497 0 -0.218448 0.302465 0.927791 0 0 0 0 1 0.975086 0.030062 0.219783 3.99043 0.038586 0.952686 -0.301497 0 -0.218448 0.302465 0.927791 0 0 0 0 1 </float_array>
     <technique_common>
      <accessor source="#unnamed_animation__0185-array" count="2" stride="16">
       <param name="TRANSFORM" type="float4x4"/>
      </accessor>
     </technique_common>
    </source>
    <sampler id="unnamed_animation__0186">
     <input semantic="INPUT" source="#genericSource182"/>
     <input semantic="OUTPUT" source="#genericSource184"/>
    </sampler>
    <channel source="#unnamed_animation__0186" target="FemaleBaseMesh_RightHandThumb2/SID_31"/>
   </animation>
   <animation id="keyframedAnimations187">
    <source id="genericSource188">
     <float_array id="unnamed_animation__0189-array" count="2">0 0.033333 </float_array>
     <technique_common>
      <accessor source="#unnamed_animation__0189-array" count="2" stride="1">
       <param name="TIME" type="float"/>
      </accessor>
     </technique_common>
    </source>
    <source id="genericSource190">
     <float_array id="unnamed_animation__0191-array" count="32">0.981545 0.054875 -0.183191 2.69686 -0.081044 0.98703 -0.138574 0 0.173211 0.150863 0.973262 -0 0 0 0 1 0.981545 0.054875 -0.183191 2.69686 -0.081044 0.98703 -0.138574 0 0.173211 0.150863 0.973262 -0 0 0 0 1 </float_array>
     <technique_common>
      <accessor source="#unnamed_animation__0191-array" count="2" stride="16">
       <param name="TRANSFORM" type="float4x4"/>
      </accessor>
     </technique_common>
    </source>
    <sampler id="unnamed_animation__0192">
     <input semantic="INPUT" source="#genericSource188"/>
     <input semantic="OUTPUT" source="#genericSource190"/>
    </sampler>
    <channel source="#unnamed_animation__0192" target="FemaleBaseMesh_RightHandThumb3/SID_32"/>
   </animation>
   <animation id="keyframedAnimations193">
    <source id="genericSource194">
     <float_array id="unnamed_animation__0195-array" count="2">0 0.033333 </float_array>
     <technique_common>
      <accessor source="#unnamed_animation__0195-array" count="2" stride="1">
       <param name="TIME" type="float"/>
      </accessor>
     </technique_common>
    </source>
    <source id="genericSource196">
     <float_array id="unnamed_animation__0197-array" count="32">0.997937 0.03656 0.052766 9.18574 -0.042071 0.993322 0.107434 0.19941 -0.048486 -0.109432 0.992811 -2.7792 0 0 0 1 0.997937 0.03656 0.052766 9.18574 -0.042071 0.993322 0.107434 0.19941 -0.048486 -0.109432 0.992811 -2.7792 0 0 0 1 </float_array>
     <technique_common>
      <accessor source="#unnamed_animation__0197-array" count="2" stride="16">
       <param name="TRANSFORM" type="float4x4"/>
      </accessor>
     </technique_common>
    </source>
    <sampler id="unnamed_animation__0198">
     <input semantic="INPUT" source="#genericSource194"/>
     <input semantic="OUTPUT" source="#genericSource196"/>
    </sampler>
    <channel source="#unnamed_animation__0198" target="FemaleBaseMesh_RightHandIndex1/SID_33"/>
   </animation>
   <animation id="keyframedAnimations199">
    <source id="genericSource200">
     <float_array id="unnamed_animation__0201-array" count="2">0 0.033333 </float_array>
     <technique_common>
      <accessor source="#unnamed_animation__0201-array" count="2" stride="1">
       <param name="TIME" type="float"/>
      </accessor>
     </technique_common>
    </source>
    <source id="genericSource202">
     <float_array id="unnamed_animation__0203-array" count="32">0.999072 0.004617 -0.042818 3.44612 -0.004711 0.999987 -0.002116 -0 0.042808 0.002315 0.999081 0 0 0 0 1 0.999072 0.004617 -0.042818 3.44612 -0.004711 0.999987 -0.002116 -0 0.042808 0.002315 0.999081 0 0 0 0 1 </float_array>
     <technique_common>
      <accessor source="#unnamed_animation__0203-array" count="2" stride="16">
       <param name="TRANSFORM" type="float4x4"/>
      </accessor>
     </technique_common>
    </source>
    <sampler id="unnamed_animation__0204">
     <input semantic="INPUT" source="#genericSource200"/>
     <input semantic="OUTPUT" source="#genericSource202"/>
    </sampler>
